  4 8
! 4 8
" 7 8
# 9 8
$ 7 8
% 8 8
& 9 8
' 4 8
( 5 8
) 5 8
* 7 8
+ 8 8
, 5 8
- 7 8
. 4 8
/ 7 8
0 8 8
1 8 8
2 8 8
3 8 8
4 8 8
5 8 8
6 8 8
7 8 8
8 8 8
9 8 8
: 4 8
; 4 8
< 6 8
= 7 8
> 6 8
? 7 8
@ 8 8
A 8 8
B 8 8
C 8 8
D 8 8
E 8 8
F 8 8
G 8 8
H 8 8
I 8 8
J 8 8
K 8 8
L 8 8
M 8 8
N 8 8
O 8 8
P 8 8
Q 8 8
R 8 8
S 8 8
T 8 8
U 8 8
V 8 8
W 8 8
X 8 8
Y 8 8
Z 8 8
[ 5 8
\ 7 8
] 5 8
^ 7 8
_ 6 8
` 5 8
a 7 8
b 7 8
c 6 8
d 7 8
e 7 8
f 6 8
g 7 8
h 7 8
i 5 8
j 6 8
k 7 8
l 5 8
m 9 8
n 7 8
o 7 8
p 7 8
q 7 8
r 7 8
s 7 8
t 6 8
u 7 8
v 7 8
w 9 8
x 7 8
y 7 8
z 7 8
{ 5 8
| 3 8
} 5 8
~ 7 8